PARAMETERS
Network: unet
Loss: mse_with_edge_reg
Optimizer: adam
Learning rate: 0.0001
Number of iterations: 50000

w_h: 1e-06
w_v: 1e-06
w_mse: 10.0

Iteration	Loss	SNR	CNR	SSIM
input_image	N/A	59.471073112	0.595207314862	0.0881282719513
0	4.47703695297	4.97466669772	0.0147618393021	0.00361295913185
1000	1.85461294651	28845423.46	0.0	1.32527470466e-05
2000	1.74452269077	43039515.6145	9.30760376642e-22	5.9437724449e-05
3000	0.56762689352	88278.5552876	8.77394846079	0.0892630720753
4000	0.482839554548	84488.6965449	10.8327665777	0.159017475912
5000	0.403623580933	1440.98509127	2.00804349891	0.349939549545
6000	0.34147465229	3318.46794146	3.91810456828	0.420556267766
7000	0.294248342514	4942.48136114	4.73541119702	0.412276680342
8000	0.277827382088	1273.6454976	2.93548278782	0.189531205434
9000	0.257750153542	3157.18169586	4.22780495505	0.421057439354
10000	0.246991634369	3000.48031975	4.0389398111	0.420644086364
11000	0.238447546959	4097.60323336	4.78298599729	0.434739349726
12000	0.231267809868	4857.13830746	5.12422570545	0.440127020651
13000	0.227844908834	5129.54087529	5.45742252984	0.440371160206
14000	0.225589156151	5258.85548279	5.49004819763	0.440117972195
15000	0.224753648043	4740.839869	4.88448566821	0.43456811411
16000	0.223536908627	4824.42725495	5.18040259076	0.435634546426
17000	0.222885832191	4778.49549314	4.83043896106	0.43707451233
18000	0.222060382366	5018.31845375	5.12965274311	0.438840943201
19000	0.221575155854	5064.53099308	5.22591152135	0.439078230883
20000	0.227665573359	2622.92430306	2.93777490194	0.380999087234
21000	0.221678957343	4616.51762093	4.9100955335	0.436234316068
22000	0.221062973142	4689.19839913	4.81010593706	0.437815671999
23000	0.220727816224	4970.63658848	4.66879154186	0.43701239091
24000	0.220383316278	4952.38480174	4.02243878465	0.43497019005
25000	0.219080045819	5786.82084185	3.54334304407	0.483000901758
26000	0.228700011969	897.594369991	1.37699815572	0.283835512467
27000	0.222206443548	3215.64143606	3.1506099682	0.422539242763
28000	0.219789728522	5484.63565672	3.46752302003	0.467635855772
29000	0.218868613243	5929.24974109	3.45804781287	0.486465550915
30000	0.21863143146	6048.76194312	3.52148093781	0.490874130888
31000	0.217849895358	6683.73282953	3.49959916186	0.498965788014
32000	0.217730402946	5611.88393833	3.211997455	0.500310180929
33000	0.217479363084	4990.69462523	3.3147454298	0.503418603136
34000	0.21717223525	6339.84580229	3.48918978547	0.507771533524
35000	0.216236546636	6197.43737154	3.4102412868	0.512313749108
36000	0.216085746884	5720.13465144	3.55277145341	0.508219862094
37000	0.215184345841	5598.00595507	3.56859781813	0.513391865058
38000	0.274915665388	9525.275724	0.659664526963	0.372262102119
39000	0.173098444939	7627.26240238	3.36326930072	0.563003574273
40000	0.170498922467	6051.70612923	3.0612884917	0.559530490498
41000	0.169286519289	5610.02218919	3.07952405786	0.551001660434
42000	0.168968722224	5336.72949393	3.34291819247	0.539304603387
43000	0.167989075184	5142.34463446	3.25708363527	0.550846011776
44000	0.167653471231	5501.09242298	3.46199706196	0.548848915984
45000	0.167339995503	4816.61022283	3.19213448522	0.547099401525
46000	0.168593406677	7346.57912087	2.69103270238	0.559767117565
47000	0.167297586799	4630.94437583	3.21345375472	0.550044546868
48000	0.166887521744	5408.75764872	3.10010323974	0.559890938855
49000	0.166405975819	5839.83870325	3.24040030725	0.550980127196
50000	0.166392043233	5768.4324764	3.01018768802	0.550479335277