PARAMETERS
Network: deep_decoder
Loss: mse_with_edge_reg
Optimizer: adam
Learning rate: 0.0001
Number of iterations: 50000

w_h: 1e-06
w_v: 1e-06
w_mse: 10.0

Iteration	Loss	SNR	CNR	SSIM
input_image	N/A	72.8228263381	2.06322248795	0.0765062465798
0	37.8986434937	2.42503996131	0.266248197496	0.119552441587
1000	0.871341407299	37.5013704195	0.435173181908	0.226825274083
2000	0.526799380779	70.0584931588	0.837951287278	0.185368203551
3000	0.410584300756	141.364101588	1.14660676677	0.247761883602
4000	0.352109372616	231.729177702	1.37587041367	0.265613874337
5000	0.317697107792	319.532122444	1.56984191401	0.24883771939
6000	0.295415908098	444.81118252	1.79578443757	0.26116613248
7000	0.278524965048	573.805820104	1.99633914819	0.26833594046
8000	0.263594478369	687.69256951	2.25393205673	0.276751483586
9000	0.249289348722	824.421308089	2.67032197561	0.289526352992
10000	0.234550565481	915.697503528	3.23050551406	0.312592582098
11000	0.220054328442	1094.00904067	4.06684672068	0.331967922061
12000	0.206768855453	1347.95208216	5.01307994018	0.35202126928
13000	0.196084856987	1693.12036484	5.7128387034	0.348089294586
14000	0.187859490514	2061.80568854	6.26500835748	0.34632729474
15000	0.18156413734	2519.03836462	6.69098882661	0.363014592179
16000	0.176887005568	2928.88608743	6.97079718863	0.367133976066
17000	0.173505246639	3094.70470287	7.09584193257	0.376407834446
18000	0.171014949679	3251.41470837	7.20749648393	0.378658173497
19000	0.169145464897	3146.78721056	7.28269776004	0.371905999356
20000	0.16772903502	3303.35862024	7.42529797886	0.36709610484
21000	0.166620820761	3405.24335532	7.50542391228	0.375147067087
22000	0.165693774819	3513.03489259	7.58116898526	0.378631251368
23000	0.16488713026	3708.15548693	7.64448057054	0.378287005715
24000	0.164201408625	3805.76171309	7.7177862893	0.376963569652
25000	0.163623526692	3880.08759713	7.80948424201	0.37796562473
26000	0.163121908903	3911.33183116	7.90756762349	0.378989307968
27000	0.162689179182	3997.23224504	7.95272612622	0.378245586656
28000	0.162282705307	4097.79046204	8.01404531611	0.379896299376
29000	0.161926209927	4057.5566548	8.02597236745	0.383909338484
30000	0.161611199379	4034.66610574	8.03913437404	0.388861709248
31000	0.161316096783	4008.46302022	8.04045866655	0.390117290289
32000	0.161038711667	4078.65195225	8.04566091109	0.391153378657
33000	0.160781413317	4120.35857877	8.07384033928	0.393379829545
34000	0.160550266504	4083.48033636	8.07640336547	0.39216454489
35000	0.160332471132	4135.6402725	8.04233340371	0.392295785121
36000	0.160166576505	4111.08965881	8.03008715909	0.393064405061
37000	0.159984067082	4101.64799603	8.02206389514	0.390352050831
38000	0.159803837538	4075.51758677	8.02974958805	0.387283389147
39000	0.159646764398	4019.59528717	8.01434249134	0.386126080341
40000	0.159486249089	4010.27631716	7.98854563724	0.385187834053
41000	0.159341052175	4006.30288079	7.99571313098	0.384651332802
42000	0.159194558859	4101.15825282	8.0476649279	0.383849135647
43000	0.159068971872	4029.15717798	8.04059943191	0.383719416859
44000	0.158938854933	4108.15934357	8.09325137835	0.385774218255
45000	0.158797770739	4130.50483978	8.10970759805	0.385918225759
46000	0.15870757401	4163.35982075	8.11179579005	0.387574620442
47000	0.158580824733	4285.00279396	8.09730206062	0.388596569955
48000	0.158485397696	4300.35522997	8.14441766663	0.387865790888
49000	0.158379197121	4257.89387738	8.14024173348	0.38763086642
50000	0.158289298415	4306.91813482	8.11199020368	0.388181008972